0    8.1757989156    
12    16.3515978313    
24    32.7031956626
1    8.6619572180    
13    17.3239144361    
25    34.6478288721
2    9.1770239974    
14    18.3540479948    
26    36.7080959897
3    9.7227182413    
15    19.4454364826    
27    38.8908729653
4   10.3008611535    
16    20.6017223071    
28    41.2034446141
5   10.9133822323    
17    21.8267644646    
29    43.6535289291
6   11.5623257097    
18    23.1246514195    
30    46.2493028390
7   12.2498573744    
19    24.4997147489    
31    48.9994294977
8   12.9782717994    
20    25.9565435987    
32    51.9130871975
9   13.7500000000    
21    27.5000000000    
33    55.0000000000
10  14.5676175474    
22    29.1352350949    
34    58.2704701898
11  15.4338531643    
23    30.8677063285    
35    61.7354126570
36  65.4063913251    
48   130.8127826503    
60   261.6255653006
37  69.2956577442    
49   138.5913154884    
61   277.1826309769
38  73.4161919794    
50   146.8323839587    
62   293.6647679174
39  77.7817459305    
51   155.5634918610    
63   311.1269837221
40  82.4068892282    
52   164.8137784564    
64   329.6275569129
41  87.3070578583    
53   174.6141157165    
65   349.2282314330
42  92.4986056779    
54   184.9972113558    
66   369.9944227116
43  97.9988589954    
55   195.9977179909    
67   391.9954359817
44  103.8261743950   
56   207.6523487900    
68   415.3046975799
45  110.0000000000   
57   220.0000000000    
69   440.0000000000
46  116.5409403795   
58   233.0818807590    
70   466.1637615181
47  123.4708253140   
59   246.9416506281    
71   493.8833012561
72  523.2511306012   
73  554.3652619537
74  587.3295358348
75  622.2539674442
99  2489.0158697766
76  659.2551138257   
77  698.4564628660
78  739.9888454233
79  783.9908719635
80  830.6093951599
81  880.0000000000
93  1760.0000000000   
82  932.3275230362
83  987.7666025122
84  0